0.000010	0.000010	0.000010	0.000010	0.999930	0.000010	0.000010	0.000010
0.000010	0.000010	0.000010	0.000010	0.998300	0.000010	0.001202	0.000448
0.000010	0.000010	0.000010	0.000010	0.991400	0.000010	0.008540	0.000010
0.001397	0.000010	0.000010	0.000010	0.978168	0.000010	0.016178	0.004218
0.000010	0.000010	0.000010	0.000010	0.982240	0.000010	0.017700	0.000010
0.000010	0.000010	0.000010	0.000010	0.964541	0.000010	0.035399	0.000010
0.000010	0.000010	0.000010	0.000010	0.999930	0.000010	0.000010	0.000010
0.000010	0.000010	0.000010	0.000010	0.999930	0.000010	0.000010	0.000010
0.000010	0.000010	0.000010	0.000010	0.999930	0.000010	0.000010	0.000010
0.000010	0.000010	0.000010	0.000010	0.999930	0.000010	0.000010	0.000010
0.000010	0.000010	0.000010	0.000010	0.999930	0.000010	0.000010	0.000010
0.000010	0.000010	0.000010	0.000010	0.999930	0.000010	0.000010	0.000010
0.000010	0.000010	0.000010	0.000010	0.999930	0.000010	0.000010	0.000010
0.000010	0.000010	0.000010	0.000010	0.999930	0.000010	0.000010	0.000010
0.000010	0.000010	0.000010	0.000010	0.999930	0.000010	0.000010	0.000010
0.000010	0.000010	0.000010	0.000010	0.999930	0.000010	0.000010	0.000010
0.000010	0.000010	0.000010	0.000010	0.999930	0.000010	0.000010	0.000010
0.000010	0.000010	0.000010	0.000010	0.999930	0.000010	0.000010	0.000010
0.000010	0.000010	0.000010	0.000010	0.998793	0.000010	0.001147	0.000010
0.000010	0.000010	0.000010	0.000010	0.999930	0.000010	0.000010	0.000010
0.005172	0.000178	0.000010	0.000010	0.994601	0.000010	0.000010	0.000010
0.000010	0.000010	0.000010	0.000010	0.999930	0.000010	0.000010	0.000010
0.000010	0.000010	0.000010	0.000012	0.994960	0.000010	0.004979	0.000010
0.000010	0.000010	0.000010	0.000010	0.986887	0.000010	0.013053	0.000010
0.000010	0.000010	0.000010	0.000010	0.986550	0.000010	0.013390	0.000010
0.005435	0.000010	0.000010	0.000010	0.985845	0.000010	0.008670	0.000010
0.000010	0.000010	0.000010	0.000010	0.982215	0.000010	0.017725	0.000010
0.000010	0.000010	0.000010	0.000010	0.969024	0.000010	0.030916	0.000010
0.001598	0.000010	0.000010	0.000010	0.956836	0.000010	0.038491	0.003035
0.004045	0.000010	0.000010	0.000010	0.949556	0.000010	0.046349	0.000010
0.010850	0.000010	0.000010	0.000010	0.941397	0.000010	0.044187	0.003527
0.007680	0.002572	0.005388	0.000010	0.940139	0.000010	0.044192	0.000010
0.011699	0.000010	0.000010	0.000010	0.938506	0.000010	0.049744	0.000010
0.015204	0.000010	0.000010	0.000010	0.932856	0.000010	0.049789	0.002110
0.004509	0.000010	0.000010	0.000010	0.864671	0.003277	0.127503	0.000010
0.000010	0.000010	0.000010	0.000010	0.994573	0.000010	0.002033	0.003343
0.001646	0.000010	0.000010	0.000010	0.974746	0.000010	0.023557	0.000010
0.000010	0.000010	0.000010	0.000010	0.973578	0.000010	0.026362	0.000010
0.001430	0.000010	0.000010	0.000010	0.965492	0.000010	0.028621	0.004417
0.001556	0.000010	0.000010	0.000010	0.967560	0.003555	0.027289	0.000010
0.003239	0.001213	0.000010	0.003288	0.936297	0.001800	0.054144	0.000010
0.007921	0.000010	0.000010	0.000589	0.935887	0.000010	0.055442	0.000131
0.015093	0.003630	0.000010	0.000010	0.936343	0.000010	0.044894	0.000010
0.000010	0.000010	0.000010	0.000010	0.999930	0.000010	0.000010	0.000010
0.000010	0.000010	0.000010	0.000010	0.986712	0.000010	0.013228	0.000010
0.003754	0.000010	0.000010	0.001406	0.978969	0.000010	0.015831	0.000010
0.000010	0.000010	0.000010	0.000010	0.956749	0.000010	0.043191	0.000010
0.000010	0.000010	0.000010	0.000010	0.957621	0.000010	0.042319	0.000010
0.000010	0.000010	0.000010	0.002211	0.953840	0.001551	0.042359	0.000010
0.000010	0.000010	0.000010	0.000010	0.950241	0.000010	0.049699	0.000010
0.006657	0.000010	0.000010	0.000010	0.937762	0.000010	0.055531	0.000010
0.000010	0.000010	0.000010	0.000010	0.914676	0.000010	0.081268	0.004006
0.000010	0.000010	0.000010	0.000010	0.928780	0.000010	0.071160	0.000010
0.000010	0.000010	0.000010	0.000010	0.918893	0.000010	0.081047	0.000010
0.000010	0.000010	0.000010	0.000010	0.885109	0.000010	0.114831	0.000010
0.000010	0.000010	0.000010	0.000010	0.872560	0.000010	0.127380	0.000010
0.000010	0.000010	0.000010	0.000010	0.854923	0.000010	0.145017	0.000010
0.000010	0.000010	0.000010	0.000010	0.839446	0.000010	0.160494	0.000010
0.000010	0.000010	0.000010	0.000010	0.825577	0.000010	0.174363	0.000010
0.000010	0.000010	0.000010	0.000010	0.999930	0.000010	0.000010	0.000010
0.000010	0.000010	0.000010	0.000010	0.999930	0.000010	0.000010	0.000010
0.000010	0.000012	0.000010	0.000010	0.999928	0.000010	0.000010	0.000010
0.000010	0.000010	0.000010	0.000010	0.999930	0.000010	0.000010	0.000010
0.000010	0.000010	0.000010	0.000010	0.999930	0.000010	0.000010	0.000010
0.000010	0.000010	0.000010	0.000010	0.999930	0.000010	0.000010	0.000010
0.000010	0.000010	0.000010	0.000010	0.999928	0.000010	0.000012	0.000010
0.000010	0.000010	0.000010	0.000010	0.999930	0.000010	0.000010	0.000010
0.000010	0.000010	0.000010	0.000010	0.996498	0.000010	0.003442	0.000010
0.000010	0.000010	0.000010	0.000010	0.927896	0.000010	0.072044	0.000010
0.000010	0.000010	0.000010	0.000010	0.864495	0.000010	0.135445	0.000010
0.000010	0.000010	0.000010	0.000010	0.835232	0.000010	0.164708	0.000010
0.000010	0.000010	0.000010	0.000010	0.794419	0.000010	0.205521	0.000010
0.000010	0.000010	0.000010	0.000010	0.777604	0.000010	0.222336	0.000010
0.000010	0.000010	0.000010	0.000010	0.761640	0.000010	0.238300	0.000010
0.000010	0.000010	0.000010	0.000010	0.753047	0.000010	0.246893	0.000010
0.005161	0.000010	0.000010	0.003463	0.847616	0.002351	0.141379	0.000010
0.003778	0.000010	0.000010	0.000010	0.845698	0.000010	0.150475	0.000010
0.008746	0.000010	0.000431	0.000010	0.833722	0.000010	0.151339	0.005733
0.009841	0.000010	0.000010	0.006096	0.819859	0.000010	0.164165	0.000010
0.016195	0.000010	0.000010	0.000326	0.807697	0.000010	0.175743	0.000010
0.000010	0.000010	0.000010	0.000010	0.808909	0.000010	0.188785	0.002256
0.000010	0.000010	0.000010	0.000010	0.787195	0.000010	0.209918	0.002837
0.007022	0.000010	0.000010	0.001065	0.788776	0.000010	0.203097	0.000010
0.018001	0.000010	0.000010	0.000010	0.755931	0.000010	0.225200	0.000828
0.011464	0.000012	0.000010	0.000010	0.742569	0.000010	0.245652	0.000273
0.000010	0.000010	0.000010	0.000010	0.725660	0.001177	0.273113	0.000010
0.019368	0.000010	0.000010	0.000010	0.716730	0.000010	0.260445	0.003416
0.000014	0.000010	0.000010	0.000010	0.712710	0.000010	0.287225	0.000010
0.000010	0.000010	0.000010	0.000010	0.929584	0.000010	0.070356	0.000010
0.000010	0.000010	0.000010	0.000010	0.874823	0.000010	0.125117	0.000010
0.000010	0.001591	0.000010	0.000010	0.842622	0.000010	0.155737	0.000010
0.003108	0.000010	0.000010	0.000010	0.844640	0.000010	0.146599	0.005613
0.000010	0.000010	0.000010	0.000010	0.750811	0.000010	0.249129	0.000010
0.000010	0.000010	0.000010	0.000010	0.743105	0.000010	0.256835	0.000010
0.000010	0.000010	0.000010	0.000010	0.679889	0.000010	0.320051	0.000010
0.073527	0.000010	0.000010	0.000010	0.875572	0.000010	0.045742	0.005119
0.073907	0.001612	0.000010	0.000010	0.829473	0.000010	0.092934	0.002045
0.074798	0.000010	0.000010	0.000010	0.834718	0.000010	0.088428	0.002016
0.065471	0.004895	0.000010	0.000010	0.761744	0.000010	0.167850	0.000010
0.121986	0.000010	0.009742	0.005472	0.773385	0.000010	0.089385	0.000010
0.128988	0.000010	0.000010	0.010143	0.762729	0.000010	0.098100	0.000010
0.057422	0.003157	0.000010	0.002624	0.715912	0.000010	0.216084	0.004781
0.074964	0.008882	0.000280	0.000010	0.705587	0.000010	0.203353	0.006914
0.179061	0.013291	0.000010	0.000010	0.710130	0.004973	0.091090	0.001435
0.237548	0.000010	0.000010	0.009763	0.661364	0.002420	0.081313	0.007572
0.069315	0.000010	0.000010	0.000010	0.642481	0.000010	0.288155	0.000010
0.122167	0.011312	0.002581	0.000010	0.613756	0.000010	0.250153	0.000010
0.194523	0.017933	0.004709	0.007002	0.586538	0.000010	0.173734	0.015551
0.228759	0.031708	0.013390	0.004630	0.549255	0.000010	0.172238	0.000010
0.052195	0.007044	0.000010	0.005004	0.493437	0.000010	0.432807	0.009493
0.059077	0.016253	0.003278	0.000010	0.411390	0.004660	0.502140	0.003191
0.000010	0.000010	0.000010	0.000010	0.958430	0.000010	0.041510	0.000010
0.000010	0.000010	0.000010	0.000010	0.894258	0.000010	0.105682	0.000010
0.000010	0.000010	0.000010	0.000010	0.889853	0.000010	0.110087	0.000010
0.049502	0.001550	0.000010	0.000010	0.839723	0.000010	0.109185	0.000010
0.000455	0.000780	0.000010	0.000010	0.815035	0.000010	0.183690	0.000010
0.028201	0.000010	0.000010	0.000010	0.768555	0.000010	0.199612	0.003592
0.240845	0.025401	0.016285	0.007732	0.697558	0.006373	0.005795	0.000010
0.067621	0.011436	0.005679	0.025628	0.674989	0.000010	0.213167	0.001470
0.124059	0.035654	0.002315	0.019771	0.666095	0.003322	0.139533	0.009250
0.218012	0.083888	0.003200	0.011819	0.619749	0.007519	0.044235	0.011578
0.069861	0.015001	0.000010	0.000010	0.623488	0.004118	0.286003	0.001508
0.002329	0.000010	0.000010	0.004278	0.829183	0.001119	0.163061	0.000010
0.020944	0.000010	0.000010	0.000010	0.768516	0.000010	0.210490	0.000010
0.012584	0.000010	0.000010	0.000010	0.694643	0.000010	0.292723	0.000010
0.006805	0.000896	0.000010	0.000010	0.632886	0.000010	0.359373	0.000010
0.000010	0.000010	0.000010	0.000010	0.623591	0.000010	0.376349	0.000010
0.000010	0.000010	0.000010	0.000010	0.585845	0.000010	0.414095	0.000010
0.000010	0.000010	0.000010	0.000010	0.557894	0.000010	0.442046	0.000010
0.000010	0.000010	0.000010	0.000010	0.549410	0.000010	0.450530	0.000010
0.044783	0.000854	0.000010	0.000010	0.485964	0.000010	0.464003	0.004364
0.040358	0.000310	0.000010	0.000010	0.446898	0.000010	0.511423	0.000981
0.040321	0.000139	0.001786	0.000734	0.441709	0.000010	0.509566	0.005735
0.025489	0.001821	0.000010	0.000010	0.441108	0.000010	0.531542	0.000010
0.031768	0.012055	0.000010	0.000010	0.439527	0.000010	0.516480	0.000139
0.021983	0.012072	0.000010	0.000010	0.415252	0.000010	0.548746	0.001917
0.045468	0.000010	0.000010	0.000010	0.385982	0.000010	0.564297	0.004212
0.050801	0.000010	0.000010	0.000010	0.367512	0.000010	0.581637	0.000010
0.007920	0.012029	0.000010	0.000010	0.298003	0.000010	0.681209	0.000809
0.000010	0.000010	0.000010	0.000010	0.322936	0.000010	0.677004	0.000010
0.000010	0.000010	0.000010	0.000010	0.344216	0.000010	0.655724	0.000010
0.000010	0.000010	0.000010	0.000010	0.386821	0.000010	0.613119	0.000010
0.000010	0.000010	0.000010	0.000010	0.408091	0.000010	0.591849	0.000010
0.000010	0.000010	0.000010	0.000010	0.514669	0.000010	0.485271	0.000010
0.016840	0.001413	0.000010	0.000404	0.440826	0.000010	0.539377	0.001120
0.022546	0.002937	0.004665	0.000010	0.444665	0.000010	0.523538	0.001629
0.030707	0.000191	0.000010	0.000606	0.410178	0.000010	0.555141	0.003158
0.025955	0.000010	0.000010	0.001549	0.402128	0.000010	0.570328	0.000010
0.029535	0.000010	0.000010	0.000010	0.406459	0.000010	0.557060	0.006906
0.029986	0.000010	0.000010	0.000010	0.394269	0.000010	0.575694	0.000010
0.021248	0.002230	0.000010	0.000010	0.397672	0.000010	0.571801	0.007018
0.029527	0.000010	0.000010	0.000010	0.379983	0.000010	0.588149	0.002301
0.007564	0.002492	0.002143	0.000010	0.731420	0.000010	0.255442	0.000919
0.009101	0.000010	0.000010	0.000010	0.593114	0.000010	0.395248	0.002498
0.015417	0.005201	0.000010	0.000010	0.595042	0.000010	0.384299	0.000010
0.006916	0.000010	0.000010	0.000010	0.581699	0.000010	0.411336	0.000010
0.009388	0.000010	0.000010	0.000010	0.564280	0.000010	0.426283	0.000010
0.030915	0.000010	0.000010	0.000010	0.690295	0.000010	0.278515	0.000235
0.028337	0.016819	0.000010	0.000010	0.620957	0.000286	0.333571	0.000010
0.037777	0.000010	0.000010	0.000010	0.602607	0.000010	0.351684	0.007893
0.054682	0.006735	0.000010	0.000010	0.532644	0.000010	0.398907	0.007002
0.040828	0.000010	0.000010	0.000010	0.513153	0.000010	0.435925	0.010054
0.044110	0.000010	0.000010	0.005254	0.503097	0.000010	0.446072	0.001437
0.075796	0.000010	0.000010	0.000010	0.499718	0.000010	0.424437	0.000010
0.000010	0.000010	0.000010	0.000010	0.160390	0.000010	0.839550	0.000010
0.000010	0.000010	0.000010	0.000010	0.207121	0.000010	0.792819	0.000010
0.000010	0.000010	0.000010	0.000010	0.270571	0.000010	0.729369	0.000010
0.000010	0.000010	0.000010	0.000010	0.301741	0.000010	0.698199	0.000010
0.000010	0.000010	0.000010	0.000010	0.370144	0.000010	0.629796	0.000010
0.000010	0.004089	0.000010	0.000010	0.077027	0.000010	0.918834	0.000010
0.000010	0.000010	0.000010	0.000010	0.063828	0.003509	0.932613	0.000010
0.000010	0.000010	0.000010	0.000010	0.103868	0.000010	0.895530	0.000552
0.000010	0.000010	0.000010	0.000010	0.168605	0.000010	0.831335	0.000010
0.000010	0.004073	0.000010	0.000010	0.221153	0.000010	0.772143	0.002591
0.000010	0.000010	0.000010	0.000010	0.231230	0.000010	0.768710	0.000010
0.000010	0.000010	0.000010	0.000010	0.253139	0.000010	0.746801	0.000010
0.000010	0.000010	0.000010	0.000010	0.342309	0.000010	0.657631	0.000010
0.000010	0.000010	0.000010	0.000010	0.431046	0.000010	0.564022	0.004882
0.000010	0.000010	0.000010	0.000010	0.434593	0.000010	0.565022	0.000334
0.000010	0.000010	0.000010	0.000010	0.429658	0.000010	0.570282	0.000010
0.000010	0.000010	0.000010	0.000010	0.431483	0.000010	0.568457	0.000010
0.000010	0.000010	0.000010	0.000010	0.443805	0.002166	0.550345	0.003644
0.000010	0.000010	0.000010	0.000010	0.434777	0.000010	0.565163	0.000010
0.000010	0.000010	0.000010	0.000010	0.446132	0.006648	0.547129	0.000051
0.000010	0.002968	0.000010	0.000010	0.436225	0.000010	0.557229	0.003538
0.000010	0.000010	0.000010	0.000010	0.444847	0.000010	0.555093	0.000010
0.000010	0.002710	0.000010	0.000010	0.448814	0.000010	0.546609	0.001826
0.000010	0.000010	0.000010	0.000010	0.305392	0.000010	0.694548	0.000010
0.000010	0.000010	0.000010	0.000010	0.317896	0.000010	0.682044	0.000010
0.000010	0.000010	0.000010	0.000010	0.307961	0.000010	0.691979	0.000010
0.000010	0.000010	0.000010	0.000010	0.294165	0.000010	0.705775	0.000010
0.000010	0.000010	0.000010	0.000010	0.302897	0.000010	0.697043	0.000010
0.000010	0.000010	0.000010	0.000010	0.300207	0.000010	0.699733	0.000010
0.000010	0.000010	0.000010	0.000010	0.300406	0.000010	0.699534	0.000010
0.000010	0.000010	0.000010	0.000010	0.303741	0.000062	0.689506	0.006651
0.000010	0.000014	0.000010	0.000010	0.293937	0.000010	0.705999	0.000010
0.000010	0.000010	0.000010	0.000010	0.288316	0.000010	0.711624	0.000010
0.000010	0.000010	0.000010	0.000010	0.304306	0.000010	0.695634	0.000010
0.000010	0.000010	0.000010	0.000010	0.301437	0.000010	0.698503	0.000010
0.000010	0.000010	0.000010	0.000010	0.303127	0.000010	0.696813	0.000010
0.000010	0.000010	0.000010	0.000010	0.292244	0.000010	0.707696	0.000010
0.000010	0.000010	0.000010	0.000010	0.300467	0.000010	0.699473	0.000010
0.000010	0.000010	0.000010	0.000010	0.316210	0.000010	0.683730	0.000010
0.000010	0.000010	0.000010	0.000010	0.281428	0.000010	0.718512	0.000010
0.000010	0.000010	0.000198	0.000010	0.277126	0.000010	0.722627	0.000010
0.000010	0.000010	0.000010	0.000010	0.283737	0.000010	0.716194	0.000019
0.000010	0.000010	0.000010	0.000010	0.286682	0.000010	0.713258	0.000010
0.000010	0.000010	0.000010	0.000010	0.000010	0.000010	0.999930	0.000010
0.000010	0.000010	0.000010	0.000010	0.000010	0.000010	0.999930	0.000010
0.000010	0.000010	0.000010	0.000010	0.000010	0.000010	0.999930	0.000010
0.000010	0.000010	0.000010	0.000010	0.000010	0.000010	0.999930	0.000010
0.000010	0.000010	0.000010	0.000010	0.000010	0.000010	0.999930	0.000010
0.000010	0.000010	0.000010	0.000010	0.001644	0.000010	0.998296	0.000010
0.000010	0.000010	0.000010	0.000010	0.001490	0.000010	0.998450	0.000010
0.000010	0.000010	0.000010	0.000010	0.000010	0.000010	0.999930	0.000010
0.000010	0.000010	0.000010	0.000010	0.000010	0.000010	0.999930	0.000010
0.000010	0.000010	0.000010	0.000010	0.003977	0.000010	0.995963	0.000010
0.000010	0.000010	0.000010	0.000010	0.000010	0.000010	0.999930	0.000010
0.000010	0.000010	0.000010	0.000010	0.000540	0.000010	0.999400	0.000010
0.000010	0.000010	0.000010	0.000010	0.005127	0.000010	0.994813	0.000010
0.000010	0.000010	0.000010	0.000010	0.000874	0.000010	0.999066	0.000010
0.000010	0.000010	0.000010	0.000010	0.006182	0.000010	0.993758	0.000010
0.000010	0.000010	0.000010	0.000010	0.001822	0.000010	0.998118	0.000010
0.000010	0.000010	0.000010	0.000010	0.005729	0.000010	0.994211	0.000010
0.000010	0.000010	0.000010	0.000010	0.000010	0.000010	0.999930	0.000010
0.000010	0.000010	0.000010	0.000010	0.002769	0.000010	0.997171	0.000010
0.000010	0.000010	0.000010	0.000010	0.000010	0.000010	0.999930	0.000010
0.000010	0.000010	0.000010	0.000010	0.002238	0.000010	0.997702	0.000010
0.000010	0.000010	0.000010	0.000010	0.000227	0.000010	0.999713	0.000010
0.000010	0.000010	0.000010	0.000010	0.007296	0.000010	0.992644	0.000010
0.000010	0.000010	0.000010	0.000010	0.000010	0.000010	0.999930	0.000010
0.000010	0.000010	0.000010	0.000010	0.000010	0.000010	0.999930	0.000010
0.000010	0.000010	0.000010	0.000010	0.000010	0.000010	0.999930	0.000010
0.000010	0.000010	0.000010	0.000010	0.003994	0.000010	0.995946	0.000010
0.000010	0.000010	0.000010	0.000010	0.004106	0.000010	0.995834	0.000010
0.000010	0.000010	0.000010	0.000010	0.000010	0.000010	0.999930	0.000010
0.000010	0.000010	0.000010	0.000010	0.000744	0.000010	0.999196	0.000010
0.000010	0.000010	0.000010	0.000010	0.000010	0.000010	0.999004	0.000936
0.000010	0.000010	0.000010	0.000010	0.000010	0.000010	0.999930	0.000010
0.000010	0.000010	0.000010	0.000010	0.007729	0.000010	0.992211	0.000010
0.000010	0.000010	0.000010	0.000010	0.004801	0.000010	0.995139	0.000010
0.000010	0.000010	0.000010	0.000010	0.000019	0.000010	0.999921	0.000010
0.000010	0.000010	0.000010	0.000010	0.008942	0.000010	0.990998	0.000010
0.000010	0.000010	0.000010	0.000010	0.000010	0.000010	0.999930	0.000010
0.000010	0.000010	0.000010	0.000010	0.007133	0.000010	0.992807	0.000010
0.000010	0.000010	0.000010	0.000010	0.004178	0.000010	0.995762	0.000010
0.000010	0.000010	0.000010	0.000010	0.009059	0.000010	0.990881	0.000010
0.000010	0.000010	0.000010	0.000010	0.004186	0.000010	0.995746	0.000017
0.000010	0.000010	0.000010	0.000010	0.000010	0.000010	0.999930	0.000010
0.000010	0.000010	0.000010	0.000010	0.013725	0.000010	0.986215	0.000010
0.000010	0.000010	0.000010	0.000010	0.005152	0.000010	0.994788	0.000010
0.000010	0.000010	0.000010	0.000010	0.006112	0.000010	0.993828	0.000010
0.000010	0.000010	0.000703	0.000010	0.000011	0.000010	0.999237	0.000010
0.000010	0.000010	0.000010	0.000010	0.007358	0.000010	0.992582	0.000010
0.000010	0.000010	0.000010	0.000010	0.000010	0.000010	0.999930	0.000010
0.000010	0.000010	0.000010	0.000010	0.000757	0.000010	0.999183	0.000010
0.000010	0.000010	0.000010	0.000010	0.005393	0.000010	0.994547	0.000010
0.000010	0.000010	0.000010	0.000010	0.006549	0.000010	0.993391	0.000010
0.000010	0.000010	0.000010	0.000010	0.005625	0.000010	0.994315	0.000010
0.000010	0.000010	0.000010	0.000010	0.006807	0.000010	0.993133	0.000010
0.000010	0.000010	0.000010	0.000010	0.011033	0.000010	0.988907	0.000010
0.000010	0.001815	0.000010	0.000010	0.001307	0.000010	0.996828	0.000010
0.000010	0.000010	0.000010	0.000010	0.003311	0.006751	0.989888	0.000010
0.000010	0.000010	0.000010	0.000010	0.005138	0.000010	0.994802	0.000010
0.000010	0.000010	0.000969	0.000010	0.000010	0.000010	0.998971	0.000010
0.000010	0.000010	0.000010	0.000010	0.012721	0.000010	0.987219	0.000010
0.000010	0.000010	0.000010	0.000010	0.007551	0.000010	0.992389	0.000010
0.000010	0.000010	0.000010	0.000010	0.006057	0.000010	0.993883	0.000010
0.000010	0.000010	0.000010	0.000010	0.013383	0.000010	0.986557	0.000010
0.000010	0.000010	0.000010	0.000010	0.005825	0.000010	0.994115	0.000010
0.000010	0.000010	0.000010	0.000010	0.006288	0.000010	0.993652	0.000010
0.000010	0.000010	0.000010	0.000010	0.004797	0.000010	0.995143	0.000010
0.000010	0.000010	0.000010	0.000010	0.000010	0.000010	0.999930	0.000010
0.000010	0.000010	0.000010	0.000010	0.010193	0.000010	0.989747	0.000010
0.000010	0.000010	0.000010	0.000010	0.004725	0.000010	0.995215	0.000010
0.001404	0.000010	0.000010	0.000010	0.001334	0.003848	0.993374	0.000010
0.000010	0.000010	0.000010	0.000010	0.007825	0.000010	0.992115	0.000010
0.000010	0.000010	0.000010	0.000010	0.027420	0.000010	0.972520	0.000010
0.000010	0.000010	0.000010	0.000010	0.037510	0.000010	0.962430	0.000010
0.000010	0.000010	0.000010	0.000010	0.039364	0.000010	0.960576	0.000010
0.000010	0.000010	0.000010	0.000010	0.038826	0.003810	0.955835	0.001490
0.000010	0.000010	0.000010	0.000010	0.046569	0.000010	0.953371	0.000010
0.000010	0.000810	0.000010	0.000010	0.042775	0.000010	0.954876	0.001499
0.000010	0.003032	0.000010	0.000010	0.028464	0.000010	0.966445	0.002020
0.000010	0.000010	0.000527	0.000010	0.051446	0.000010	0.947977	0.000010
0.000010	0.000010	0.000010	0.000010	0.000010	0.000010	0.999930	0.000010
0.000010	0.000010	0.000010	0.000010	0.000010	0.000010	0.999930	0.000010
0.000010	0.000010	0.000010	0.000010	0.000010	0.000010	0.999930	0.000010
0.000010	0.000010	0.000010	0.000010	0.005259	0.000010	0.994681	0.000010
0.000010	0.000010	0.000010	0.000010	0.005452	0.000010	0.994488	0.000010
0.000010	0.000010	0.000010	0.000010	0.010376	0.000010	0.989564	0.000010
0.000010	0.000010	0.000010	0.000010	0.014288	0.000010	0.985652	0.000010
0.000010	0.000010	0.000010	0.000010	0.002355	0.000010	0.997585	0.000010
0.000010	0.006116	0.000010	0.000010	0.019458	0.000010	0.974376	0.000010
0.000010	0.000010	0.000010	0.000010	0.020784	0.000010	0.976303	0.002863
0.004527	0.007064	0.000010	0.000010	0.016985	0.000019	0.966601	0.004784
0.013688	0.000010	0.000010	0.000010	0.013258	0.000010	0.973004	0.000010
0.022159	0.000010	0.000010	0.000010	0.016353	0.000010	0.955313	0.006135
0.045023	0.000010	0.000010	0.000010	0.015535	0.000010	0.937708	0.001693
0.009441	0.000010	0.000010	0.004260	0.013647	0.000010	0.971833	0.000790
0.008769	0.000010	0.000010	0.000010	0.001229	0.000010	0.983553	0.006409
0.012879	0.000010	0.000010	0.000010	0.006249	0.000010	0.979868	0.000963
0.000677	0.006897	0.000010	0.000010	0.007571	0.000010	0.983932	0.000893
0.002100	0.000010	0.000010	0.001883	0.005232	0.005575	0.985180	0.000010
0.023960	0.001544	0.000010	0.000010	0.005973	0.000010	0.968484	0.000010
0.019750	0.000010	0.000010	0.000010	0.012199	0.000010	0.966779	0.001233
0.021327	0.000010	0.000010	0.000010	0.012600	0.000010	0.966023	0.000010
0.011674	0.000010	0.000010	0.000010	0.014517	0.000010	0.973760	0.000010
0.022592	0.000010	0.000010	0.004453	0.000012	0.000010	0.972902	0.000010
0.014510	0.000010	0.000010	0.000010	0.008621	0.000010	0.976819	0.000010
0.015607	0.000010	0.000010	0.000010	0.011516	0.003782	0.968961	0.000104
0.011997	0.001036	0.000010	0.000051	0.011089	0.000116	0.975281	0.000420
0.017775	0.000010	0.002150	0.000010	0.013184	0.000708	0.966153	0.000010
0.023201	0.000010	0.000010	0.000010	0.004539	0.002701	0.966820	0.002709
0.005160	0.008810	0.000010	0.000010	0.019522	0.000010	0.966468	0.000010
0.018174	0.000010	0.000010	0.000010	0.020029	0.000010	0.955743	0.006015
0.003963	0.005613	0.000010	0.004461	0.046574	0.002247	0.937122	0.000010
0.019727	0.000217	0.000010	0.006892	0.043036	0.002575	0.927356	0.000187
0.026679	0.002863	0.000010	0.000010	0.041054	0.000010	0.926807	0.002567
0.019831	0.000010	0.000010	0.006887	0.034175	0.000010	0.938415	0.000661
0.020223	0.011031	0.000010	0.000010	0.038462	0.008275	0.921907	0.000082
0.029415	0.000010	0.000010	0.001863	0.054192	0.002430	0.905642	0.006437
0.132442	0.007662	0.000010	0.012454	0.054690	0.000010	0.792346	0.000385
0.145815	0.003764	0.000163	0.005917	0.051518	0.000045	0.786652	0.006126
0.177720	0.000010	0.000010	0.001195	0.053337	0.000010	0.755162	0.012556
0.168851	0.000010	0.005157	0.006064	0.053409	0.000010	0.766489	0.000010
0.000010	0.000010	0.000010	0.000010	0.052035	0.000010	0.947905	0.000010
0.000010	0.000010	0.000010	0.000010	0.058619	0.000010	0.941321	0.000010
0.000010	0.000010	0.000010	0.000010	0.062946	0.000010	0.936994	0.000010
0.000010	0.000010	0.000010	0.000010	0.055841	0.000010	0.944099	0.000010
0.000010	0.000010	0.000010	0.000010	0.063685	0.000010	0.936255	0.000010
0.000010	0.000010	0.000010	0.000010	0.058292	0.000010	0.941648	0.000010
0.000010	0.000010	0.000010	0.000010	0.070710	0.000010	0.929230	0.000010
0.000010	0.000010	0.000010	0.000010	0.073363	0.000010	0.926577	0.000010
0.000010	0.000010	0.000010	0.000010	0.074897	0.000010	0.925043	0.000010
0.000010	0.000010	0.000010	0.000010	0.105009	0.000010	0.894931	0.000010
0.007261	0.005328	0.000010	0.000010	0.153314	0.001811	0.832256	0.000010
0.007331	0.000010	0.000010	0.000010	0.162485	0.000010	0.830134	0.000010
0.012956	0.027578	0.000010	0.020613	0.029026	0.000010	0.902697	0.007111
0.031298	0.018386	0.000010	0.006556	0.028937	0.000010	0.908167	0.006635
0.023282	0.021996	0.005948	0.011414	0.030241	0.000626	0.901115	0.005379
0.014004	0.009302	0.000010	0.022000	0.034797	0.000010	0.908976	0.010902
0.023042	0.018298	0.000010	0.011480	0.036107	0.000010	0.899446	0.011608
0.018226	0.016438	0.006612	0.008983	0.038890	0.000010	0.903331	0.007510
0.021660	0.020483	0.000010	0.012316	0.032357	0.003722	0.904225	0.005228
0.000010	0.000010	0.000010	0.000010	0.063708	0.000010	0.936232	0.000010
0.000010	0.000010	0.000010	0.000010	0.078543	0.000010	0.921397	0.000010
0.000010	0.000010	0.000010	0.000010	0.068587	0.000010	0.931353	0.000010
0.000010	0.000010	0.000010	0.000010	0.096742	0.000010	0.903198	0.000010
0.362684	0.000014	0.000010	0.027426	0.049562	0.000010	0.547527	0.012768
0.386373	0.033088	0.000010	0.010391	0.038154	0.000010	0.518502	0.013473
0.356854	0.016786	0.000010	0.018080	0.068546	0.000010	0.526128	0.013587
0.375309	0.029888	0.000010	0.016763	0.056441	0.000010	0.515543	0.006035
0.179825	0.000010	0.000010	0.021526	0.152991	0.000010	0.638873	0.006755
0.165337	0.016998	0.000010	0.006830	0.174338	0.000010	0.618955	0.017523
0.187434	0.000010	0.000010	0.012004	0.166032	0.000010	0.625479	0.009021
0.178182	0.004296	0.000010	0.025695	0.164304	0.000010	0.624003	0.003500
0.178657	0.017906	0.000010	0.000330	0.147976	0.003228	0.639958	0.011935
0.184238	0.000010	0.000010	0.020525	0.126934	0.000010	0.659335	0.008938
0.176437	0.011504	0.000010	0.014590	0.135858	0.000010	0.647857	0.013734
0.186565	0.011336	0.000010	0.009745	0.144933	0.000010	0.646921	0.000479
0.187661	0.009532	0.000010	0.007615	0.150098	0.000010	0.635831	0.009243
0.163104	0.012060	0.000010	0.009886	0.172164	0.000010	0.635569	0.007197
0.189518	0.012963	0.000010	0.013029	0.156469	0.000010	0.618424	0.009578
0.176488	0.003044	0.000010	0.017970	0.166251	0.000010	0.632010	0.004217
0.187694	0.000010	0.000010	0.014495	0.151082	0.000010	0.636893	0.009806
0.184860	0.000010	0.000010	0.013406	0.151604	0.000010	0.640463	0.009638
0.179119	0.009150	0.000010	0.014892	0.140547	0.000010	0.650777	0.005495
0.181475	0.011232	0.003853	0.006606	0.153083	0.000010	0.636478	0.007263
0.186269	0.000603	0.003357	0.009722	0.152988	0.000010	0.636148	0.010903
0.167111	0.005430	0.002013	0.004023	0.131702	0.001271	0.678450	0.010001
0.176764	0.002475	0.000010	0.014286	0.135468	0.000010	0.653840	0.017148
0.169976	0.012352	0.002069	0.005792	0.121137	0.000010	0.680801	0.007863
0.184908	0.005139	0.000010	0.006821	0.106548	0.000010	0.683146	0.013418
0.137779	0.019050	0.000010	0.000010	0.100110	0.000142	0.740805	0.002094
0.000010	0.000010	0.000010	0.000010	0.045057	0.000010	0.954883	0.000010
0.000010	0.000010	0.000010	0.000010	0.053392	0.000010	0.946548	0.000010
0.000010	0.000010	0.000010	0.000010	0.060787	0.000010	0.939153	0.000010
0.000010	0.000010	0.000010	0.000010	0.056045	0.000010	0.943895	0.000010
0.000010	0.000010	0.000010	0.000010	0.055839	0.000010	0.944101	0.000010
0.019971	0.000010	0.001988	0.000010	0.041157	0.004271	0.932583	0.000010
0.015666	0.000010	0.005163	0.000010	0.042336	0.004211	0.932593	0.000010
0.039841	0.000200	0.000010	0.000010	0.034009	0.000010	0.925910	0.000010
0.036147	0.000010	0.001398	0.000010	0.049880	0.000010	0.911089	0.001455
0.026199	0.000629	0.000010	0.000010	0.049404	0.000010	0.913085	0.010653
0.023171	0.004193	0.005119	0.000031	0.054762	0.000010	0.912704	0.000010
0.037104	0.000010	0.000010	0.000010	0.045624	0.000010	0.916071	0.001162
0.043338	0.008297	0.000545	0.003819	0.053687	0.000010	0.884257	0.006048
0.029968	0.000417	0.000010	0.000614	0.055235	0.000010	0.913736	0.000010
0.014773	0.009943	0.000010	0.000010	0.048019	0.000010	0.927225	0.000010
0.012610	0.005932	0.000010	0.000010	0.053029	0.002364	0.918257	0.007788
0.021217	0.000010	0.009256	0.000010	0.055085	0.000010	0.914402	0.000010
0.015157	0.008565	0.004149	0.000048	0.048671	0.000584	0.919767	0.003059
0.009158	0.009814	0.000010	0.000010	0.033463	0.002911	0.934485	0.010150
0.022867	0.001224	0.003070	0.000010	0.049483	0.003699	0.917680	0.001966
0.017394	0.025844	0.000010	0.000010	0.039388	0.000010	0.917334	0.000010
0.207873	0.018671	0.000010	0.011204	0.051466	0.000010	0.700777	0.009990
0.221879	0.008565	0.000010	0.016615	0.054190	0.000010	0.687456	0.011276
0.209706	0.007514	0.000010	0.018917	0.052697	0.000010	0.703119	0.008027
0.200660	0.021415	0.000010	0.007639	0.045366	0.000010	0.713369	0.011531
0.214234	0.011683	0.001308	0.011588	0.051815	0.000010	0.702237	0.007125
0.238440	0.032714	0.000010	0.015060	0.064234	0.000010	0.646499	0.003032
0.191935	0.030941	0.000010	0.001400	0.047959	0.000010	0.718545	0.009201
0.233701	0.001042	0.000010	0.027765	0.054355	0.000010	0.672960	0.010157
0.235362	0.038214	0.000010	0.013732	0.061106	0.000010	0.637658	0.013908
0.216688	0.039306	0.000010	0.013515	0.055513	0.000010	0.664882	0.010076
0.193413	0.021243	0.000010	0.007018	0.062053	0.000010	0.707474	0.008779
0.195131	0.011101	0.000010	0.011269	0.053018	0.000010	0.720285	0.009176
0.745012	0.073381	0.000010	0.011650	0.000580	0.000010	0.166059	0.003298
0.737454	0.071931	0.000010	0.016852	0.000010	0.000010	0.168768	0.004964
0.718301	0.100276	0.000010	0.017341	0.000010	0.000010	0.163192	0.000860
0.715669	0.087441	0.000010	0.002231	0.000010	0.000010	0.186216	0.008412
0.741506	0.077307	0.000010	0.019221	0.000010	0.000010	0.161926	0.000010
0.760813	0.069475	0.000010	0.012870	0.002613	0.000010	0.145458	0.008752
0.695298	0.083096	0.000010	0.008337	0.000010	0.000010	0.207611	0.005628
0.740546	0.062529	0.000010	0.013564	0.000010	0.000010	0.183320	0.000010
0.739932	0.073837	0.000010	0.014475	0.000010	0.000010	0.167282	0.004444
0.751113	0.089486	0.000010	0.006833	0.000010	0.000010	0.151939	0.000599
0.728361	0.082332	0.000010	0.000010	0.001062	0.000010	0.184584	0.003631
0.741226	0.075958	0.000010	0.013246	0.000010	0.000010	0.161390	0.008150
0.735368	0.083251	0.000010	0.003406	0.000010	0.000010	0.168419	0.009526
0.742510	0.091505	0.000010	0.006580	0.000010	0.000010	0.156281	0.003094
0.724368	0.092680	0.000010	0.009875	0.000010	0.000010	0.162047	0.011000
0.738946	0.075059	0.000010	0.003486	0.002138	0.000010	0.174073	0.006278
0.709622	0.072690	0.000010	0.015728	0.004300	0.000010	0.190812	0.006828
0.716319	0.074611	0.000010	0.012646	0.000010	0.000010	0.196384	0.000010
0.854132	0.070769	0.000010	0.016077	0.002850	0.000010	0.053623	0.002529
0.838949	0.089823	0.000010	0.000010	0.000010	0.000010	0.070041	0.001147
0.855550	0.081544	0.000010	0.002015	0.000010	0.000010	0.060851	0.000010
0.841324	0.095976	0.000010	0.012447	0.000010	0.000010	0.047673	0.002550
0.847110	0.082686	0.003146	0.008252	0.000033	0.000010	0.058186	0.000577
0.847476	0.072306	0.000010	0.007344	0.002740	0.000010	0.070104	0.000010
0.846716	0.094602	0.000010	0.007457	0.000019	0.000010	0.051176	0.000010
0.849395	0.072009	0.000010	0.000010	0.000012	0.005139	0.065155	0.008271
0.829338	0.089348	0.000010	0.008528	0.001206	0.000010	0.067008	0.004552
0.482307	0.027280	0.000010	0.002235	0.030211	0.000010	0.442027	0.015919
0.487300	0.008383	0.000010	0.029920	0.028241	0.000010	0.446089	0.000047
0.459462	0.032403	0.000010	0.022117	0.030631	0.000010	0.446307	0.009060
0.472008	0.036296	0.000010	0.014370	0.025252	0.000010	0.443206	0.008849
0.481230	0.031883	0.000010	0.024695	0.028784	0.000010	0.424106	0.009281
0.491047	0.014178	0.000010	0.019011	0.016719	0.000010	0.443014	0.016011
0.484601	0.020202	0.000010	0.020035	0.025289	0.000010	0.444796	0.005057
0.277591	0.010461	0.000010	0.016513	0.069918	0.000010	0.616198	0.009299
0.293152	0.001433	0.000010	0.021218	0.072894	0.000010	0.595892	0.015391
0.282435	0.000085	0.000010	0.036110	0.071948	0.000010	0.601816	0.007586
0.723482	0.000010	0.000010	0.012066	0.000010	0.000010	0.255555	0.008857
0.733220	0.000010	0.000010	0.017563	0.000010	0.000010	0.249168	0.000010
0.721296	0.000010	0.000010	0.014681	0.000014	0.000010	0.249758	0.014221
0.719819	0.000010	0.000010	0.033959	0.000010	0.000010	0.246172	0.000010
0.766356	0.000010	0.000010	0.019167	0.000010	0.000010	0.207733	0.006704
0.712718	0.000010	0.000010	0.027125	0.000010	0.000010	0.255472	0.004646
0.708528	0.025788	0.000010	0.010916	0.000013	0.000010	0.244539	0.010196
0.080700	0.026642	0.000010	0.012102	0.225026	0.000010	0.640740	0.014770
0.089303	0.033681	0.000010	0.010906	0.213046	0.000384	0.649911	0.002760
0.086969	0.041983	0.000010	0.014613	0.215521	0.002069	0.626916	0.011918
0.093910	0.015803	0.000010	0.020418	0.223588	0.009425	0.626190	0.010655
0.081291	0.034096	0.000010	0.015826	0.225105	0.000010	0.633794	0.009868
0.077981	0.040354	0.000010	0.011035	0.227095	0.000010	0.629571	0.013945
0.069559	0.044706	0.001364	0.009087	0.221563	0.000010	0.637743	0.015968
0.069509	0.031872	0.000010	0.023980	0.217728	0.000010	0.647796	0.009096
0.079514	0.035482	0.000010	0.002058	0.178654	0.000010	0.700415	0.003857
0.066318	0.041001	0.000010	0.018223	0.202258	0.000010	0.661472	0.010707
0.090109	0.040813	0.000010	0.003713	0.179528	0.000010	0.676707	0.009109
0.069243	0.021833	0.011765	0.008838	0.216288	0.000010	0.665261	0.006761
0.069857	0.017949	0.000010	0.014298	0.185444	0.001012	0.701885	0.009546
0.085324	0.018103	0.000010	0.013553	0.218340	0.000559	0.648804	0.015307
0.078916	0.018813	0.000010	0.012454	0.197730	0.011616	0.676431	0.004029
0.074145	0.025084	0.000010	0.015658	0.193646	0.003921	0.675705	0.011831
0.072191	0.015958	0.003227	0.011893	0.176930	0.000010	0.715899	0.003891
0.084610	0.017200	0.000010	0.014458	0.162492	0.000010	0.716150	0.005070
0.086495	0.014155	0.000010	0.007018	0.180533	0.001537	0.700120	0.010131
0.096921	0.015551	0.000010	0.004136	0.176528	0.006636	0.696124	0.004094
0.069080	0.012252	0.004610	0.007675	0.152320	0.000010	0.744895	0.009158
0.071794	0.024948	0.000871	0.009492	0.134756	0.000010	0.753976	0.004153
0.859587	0.077681	0.000010	0.014226	0.000010	0.000010	0.048466	0.000010
0.847341	0.103762	0.000010	0.001159	0.000012	0.000010	0.045174	0.002531
0.846974	0.089220	0.007064	0.008176	0.000018	0.000833	0.047706	0.000010
0.854076	0.077972	0.000010	0.013089	0.001550	0.003212	0.050081	0.000010
0.851527	0.078657	0.000010	0.009966	0.000804	0.011149	0.047878	0.000010
0.844178	0.083031	0.000010	0.020916	0.004269	0.000010	0.047576	0.000010
0.739845	0.000010	0.000010	0.017300	0.000010	0.000010	0.234461	0.008354
0.746172	0.000010	0.000010	0.003435	0.000010	0.000010	0.237626	0.012726
0.741378	0.000010	0.000010	0.011784	0.000010	0.000010	0.242773	0.004026
0.732132	0.000010	0.000010	0.018530	0.000010	0.000010	0.245665	0.003633
0.734348	0.000010	0.000010	0.004753	0.000010	0.000010	0.247545	0.013314
0.748162	0.000010	0.000010	0.019199	0.000010	0.000010	0.230872	0.001726
0.746722	0.000010	0.000010	0.015405	0.000013	0.000010	0.237291	0.000540
0.749643	0.000010	0.000010	0.012714	0.000010	0.000010	0.234862	0.002741
0.741414	0.000010	0.000010	0.007365	0.000010	0.000010	0.245146	0.006035
0.744912	0.000010	0.000010	0.016722	0.000010	0.000010	0.233453	0.004872
0.722934	0.000010	0.000010	0.019952	0.000010	0.000010	0.245408	0.011666
0.718823	0.000010	0.000010	0.010269	0.000010	0.000010	0.265349	0.005519
0.749341	0.000010	0.000010	0.012055	0.000010	0.000010	0.228644	0.009921
0.750364	0.000010	0.000010	0.012564	0.000010	0.000010	0.233495	0.003536
0.708221	0.000010	0.000010	0.009768	0.000010	0.000010	0.280220	0.001750
0.674618	0.000010	0.006618	0.005950	0.000010	0.000010	0.310878	0.001906
0.727817	0.000010	0.000010	0.012079	0.000010	0.000010	0.260054	0.000010
0.715513	0.000010	0.000010	0.021520	0.000011	0.000010	0.253421	0.009505
0.780417	0.000010	0.000010	0.020652	0.000010	0.000010	0.195397	0.003494
0.700641	0.000010	0.000010	0.029384	0.000019	0.000010	0.263836	0.006090
0.765665	0.000010	0.000010	0.008041	0.000010	0.001943	0.219145	0.005177
0.702502	0.000010	0.000010	0.015661	0.000010	0.000010	0.270126	0.011671
0.703312	0.000010	0.000010	0.010260	0.000010	0.000010	0.285795	0.000593
0.692110	0.000010	0.000909	0.012642	0.000010	0.000010	0.290379	0.003929
0.711611	0.000010	0.000010	0.011448	0.000010	0.000010	0.271264	0.005638
0.709968	0.000010	0.000010	0.012228	0.000010	0.000010	0.271858	0.005906
0.711274	0.000010	0.000010	0.013354	0.000010	0.000010	0.271810	0.003522
0.368968	0.000010	0.000010	0.027221	0.022655	0.000010	0.573769	0.007357
0.368417	0.000010	0.000010	0.019760	0.033081	0.000010	0.563577	0.015137
0.368503	0.018820	0.000010	0.020086	0.032797	0.000010	0.557297	0.002477
0.388885	0.006512	0.000010	0.013489	0.022400	0.000010	0.555042	0.013652
0.379700	0.004179	0.000010	0.016610	0.033117	0.000010	0.554808	0.011565
0.394587	0.006763	0.000010	0.013855	0.016569	0.000010	0.548095	0.020111
0.377093	0.000010	0.000010	0.019903	0.033511	0.000010	0.560120	0.009343
0.397484	0.000010	0.000010	0.026812	0.023082	0.000010	0.536574	0.016017
0.387737	0.014881	0.000010	0.016612	0.024490	0.000010	0.543134	0.013125
0.379808	0.004929	0.000010	0.021046	0.024929	0.000010	0.547809	0.021459
0.378748	0.000010	0.000010	0.011081	0.032842	0.000010	0.562568	0.014731
0.405002	0.013005	0.000010	0.017996	0.028771	0.000010	0.520795	0.014410
0.376750	0.014837	0.000010	0.017938	0.046869	0.000010	0.534509	0.009077
0.767379	0.000010	0.000010	0.014525	0.000010	0.000010	0.207798	0.010258
0.738106	0.007790	0.000010	0.031796	0.000010	0.000010	0.220323	0.001954
0.706793	0.006575	0.000010	0.025110	0.000010	0.004116	0.253039	0.004348
0.721343	0.002014	0.000010	0.021808	0.000010	0.000010	0.245839	0.008965
0.697378	0.027211	0.000010	0.024049	0.000010	0.000010	0.245165	0.006167
0.730102	0.027226	0.000010	0.026634	0.000020	0.000010	0.215988	0.000010
0.747762	0.027498	0.000010	0.018126	0.000010	0.000010	0.203687	0.002897
0.725486	0.033107	0.000010	0.019185	0.000010	0.000010	0.215669	0.006523
0.867661	0.061370	0.000010	0.018909	0.000010	0.000010	0.052020	0.000010
0.863699	0.080146	0.000010	0.003686	0.000465	0.000010	0.046511	0.005473
0.830798	0.086455	0.000010	0.011519	0.000010	0.000010	0.066337	0.004861
0.865594	0.080183	0.000010	0.002338	0.000012	0.000010	0.051843	0.000010
0.857345	0.075906	0.000010	0.000503	0.000010	0.000010	0.060435	0.005781
0.837326	0.088728	0.000110	0.016137	0.000010	0.000010	0.057669	0.000010
0.846195	0.084414	0.003421	0.015640	0.000010	0.000010	0.050299	0.000010
0.750748	0.245552	0.000495	0.000010	0.000010	0.003165	0.000010	0.000010
0.766247	0.233693	0.000010	0.000010	0.000010	0.000010	0.000010	0.000010
0.757920	0.234022	0.008008	0.000010	0.000010	0.000010	0.000010	0.000010
0.763646	0.236294	0.000010	0.000010	0.000010	0.000010	0.000010	0.000010
0.744881	0.246135	0.008934	0.000010	0.000010	0.000010	0.000010	0.000010
0.756380	0.241425	0.000010	0.000010	0.000011	0.002145	0.000010	0.000010
0.754277	0.245663	0.000010	0.000010	0.000010	0.000010	0.000010	0.000010
0.764863	0.235077	0.000010	0.000010	0.000010	0.000010	0.000010	0.000010
0.756537	0.243403	0.000010	0.000010	0.000010	0.000010	0.000010	0.000010
0.771760	0.226782	0.000010	0.000010	0.001409	0.000010	0.000010	0.000010
0.780963	0.207476	0.003865	0.000010	0.000010	0.000010	0.007656	0.000010
0.773654	0.207214	0.000010	0.002789	0.000010	0.002344	0.013968	0.000010
0.776160	0.220014	0.000010	0.000010	0.000617	0.000010	0.003169	0.000010
0.765363	0.215519	0.000010	0.008890	0.000010	0.000010	0.010187	0.000010
0.781722	0.206515	0.000010	0.000010	0.000173	0.008478	0.003082	0.000010
0.772241	0.218692	0.004100	0.000010	0.002002	0.001298	0.001647	0.000010
0.734057	0.238540	0.000029	0.021903	0.000010	0.000010	0.005442	0.000010
0.747477	0.236511	0.005047	0.000010	0.000010	0.010766	0.000010	0.000169
0.739050	0.249167	0.006067	0.000010	0.000010	0.005676	0.000010	0.000010
0.740344	0.243327	0.011657	0.000010	0.000010	0.004632	0.000010	0.000010
